p cnf 31 429
1 2 3 4 5 0
1 2 3 4 6 0
1 2 3 4 7 0
1 2 3 4 8 0
1 2 3 4 9 0
1 2 3 5 6 0
1 2 3 5 7 0
1 2 3 5 8 0
1 2 3 5 9 0
1 2 3 6 7 0
1 2 3 6 8 0
1 2 3 6 9 0
1 2 3 7 8 0
1 2 3 7 9 0
1 2 3 8 9 0
1 2 4 5 6 0
1 2 4 5 7 0
1 2 4 5 8 0
1 2 4 5 9 0
1 2 4 6 7 0
1 2 4 6 8 0
1 2 4 6 9 0
1 2 4 7 8 0
1 2 4 7 9 0
1 2 4 8 9 0
1 2 5 6 7 0
1 2 5 6 8 0
1 2 5 6 9 0
1 2 5 7 8 0
1 2 5 7 9 0
1 2 5 8 9 0
1 2 6 7 8 0
1 2 6 7 9 0
1 2 6 8 9 0
1 2 7 8 9 0
1 3 4 5 6 0
1 3 4 5 7 0
1 3 4 5 8 0
1 3 4 5 9 0
1 3 4 6 7 0
1 3 4 6 8 0
1 3 4 6 9 0
1 3 4 7 8 0
1 3 4 7 9 0
1 3 4 8 9 0
1 3 5 6 7 0
1 3 5 6 8 0
1 3 5 6 9 0
1 3 5 7 8 0
1 3 5 7 9 0
1 3 5 8 9 0
1 3 6 7 8 0
1 3 6 7 9 0
1 3 6 8 9 0
1 3 7 8 9 0
1 4 5 6 7 0
1 4 5 6 8 0
1 4 5 6 9 0
1 4 5 7 8 0
1 4 5 7 9 0
1 4 5 8 9 0
1 4 6 7 8 0
1 4 6 7 9 0
1 4 6 8 9 0
1 4 7 8 9 0
1 5 6 7 8 0
1 5 6 7 9 0
1 5 6 8 9 0
1 5 7 8 9 0
1 6 7 8 9 0
2 3 4 5 6 0
2 3 4 5 7 0
2 3 4 5 8 0
2 3 4 5 9 0
2 3 4 6 7 0
2 3 4 6 8 0
2 3 4 6 9 0
2 3 4 7 8 0
2 3 4 7 9 0
2 3 4 8 9 0
2 3 5 6 7 0
2 3 5 6 8 0
2 3 5 6 9 0
2 3 5 7 8 0
2 3 5 7 9 0
2 3 5 8 9 0
2 3 6 7 8 0
2 3 6 7 9 0
2 3 6 8 9 0
2 3 7 8 9 0
2 4 5 6 7 0
2 4 5 6 8 0
2 4 5 6 9 0
2 4 5 7 8 0
2 4 5 7 9 0
2 4 5 8 9 0
2 4 6 7 8 0
2 4 6 7 9 0
2 4 6 8 9 0
2 4 7 8 9 0
2 5 6 7 8 0
2 5 6 7 9 0
2 5 6 8 9 0
2 5 7 8 9 0
2 6 7 8 9 0
3 4 5 6 7 0
3 4 5 6 8 0
3 4 5 6 9 0
3 4 5 7 8 0
3 4 5 7 9 0
3 4 5 8 9 0
3 4 6 7 8 0
3 4 6 7 9 0
3 4 6 8 9 0
3 4 7 8 9 0
3 5 6 7 8 0
3 5 6 7 9 0
3 5 6 8 9 0
3 5 7 8 9 0
3 6 7 8 9 0
4 5 6 7 8 0
4 5 6 7 9 0
4 5 6 8 9 0
4 5 7 8 9 0
4 6 7 8 9 0
5 6 7 8 9 0
10 11 12 13 14 0
10 11 12 13 15 0
10 11 12 14 15 0
10 11 13 14 15 0
10 12 13 14 15 0
11 12 13 14 15 0
16 17 18 19 20 21 0
16 17 18 19 20 0
16 17 18 19 20 22 0
16 17 18 19 20 23 0
16 17 18 19 20 24 0
16 17 18 19 21 0
16 17 18 19 21 22 0
16 17 18 19 21 23 0
16 17 18 19 21 24 0
16 17 18 19 22 0
16 17 18 19 23 0
16 17 18 19 24 0
16 17 18 19 22 23 0
16 17 18 19 22 24 0
16 17 18 19 23 24 0
16 17 18 20 21 0
16 17 18 20 21 22 0
16 17 18 20 21 23 0
16 17 18 20 21 24 0
16 17 18 20 22 0
16 17 18 20 23 0
16 17 18 20 24 0
16 17 18 20 22 23 0
16 17 18 20 22 24 0
16 17 18 20 23 24 0
16 17 18 21 22 0
16 17 18 21 23 0
16 17 18 21 24 0
16 17 18 21 22 23 0
16 17 18 21 22 24 0
16 17 18 21 23 24 0
16 17 18 22 23 0
16 17 18 22 24 0
16 17 18 23 24 0
16 17 18 22 23 24 0
16 17 19 20 21 0
16 17 19 20 21 22 0
16 17 19 20 21 23 0
16 17 19 20 21 24 0
16 17 19 20 22 0
16 17 19 20 23 0
16 17 19 20 24 0
16 17 19 20 22 23 0
16 17 19 20 22 24 0
16 17 19 20 23 24 0
16 17 19 21 22 0
16 17 19 21 23 0
16 17 19 21 24 0
16 17 19 21 22 23 0
16 17 19 21 22 24 0
16 17 19 21 23 24 0
16 17 19 22 23 0
16 17 19 22 24 0
16 17 19 23 24 0
16 17 19 22 23 24 0
16 17 20 21 22 0
16 17 20 21 23 0
16 17 20 21 24 0
16 17 20 21 22 23 0
16 17 20 21 22 24 0
16 17 20 21 23 24 0
16 17 20 22 23 0
16 17 20 22 24 0
16 17 20 23 24 0
16 17 20 22 23 24 0
16 17 21 22 23 0
16 17 21 22 24 0
16 17 21 23 24 0
16 17 21 22 23 24 0
16 17 22 23 24 0
16 18 19 20 21 0
16 18 19 20 21 22 0
16 18 19 20 21 23 0
16 18 19 20 21 24 0
16 18 19 20 22 0
16 18 19 20 23 0
16 18 19 20 24 0
16 18 19 20 22 23 0
16 18 19 20 22 24 0
16 18 19 20 23 24 0
16 18 19 21 22 0
16 18 19 21 23 0
16 18 19 21 24 0
16 18 19 21 22 23 0
16 18 19 21 22 24 0
16 18 19 21 23 24 0
16 18 19 22 23 0
16 18 19 22 24 0
16 18 19 23 24 0
16 18 19 22 23 24 0
16 18 20 21 22 0
16 18 20 21 23 0
16 18 20 21 24 0
16 18 20 21 22 23 0
16 18 20 21 22 24 0
16 18 20 21 23 24 0
16 18 20 22 23 0
16 18 20 22 24 0
16 18 20 23 24 0
16 18 20 22 23 24 0
16 18 21 22 23 0
16 18 21 22 24 0
16 18 21 23 24 0
16 18 21 22 23 24 0
16 18 22 23 24 0
16 19 20 21 22 0
16 19 20 21 23 0
16 19 20 21 24 0
16 19 20 21 22 23 0
16 19 20 21 22 24 0
16 19 20 21 23 24 0
16 19 20 22 23 0
16 19 20 22 24 0
16 19 20 23 24 0
16 19 20 22 23 24 0
16 19 21 22 23 0
16 19 21 22 24 0
16 19 21 23 24 0
16 19 21 22 23 24 0
16 19 22 23 24 0
16 20 21 22 23 0
16 20 21 22 24 0
16 20 21 23 24 0
16 20 21 22 23 24 0
16 20 22 23 24 0
16 21 22 23 24 0
17 18 19 20 21 0
17 18 19 20 21 22 0
17 18 19 20 21 23 0
17 18 19 20 21 24 0
17 18 19 20 22 0
17 18 19 20 23 0
17 18 19 20 24 0
17 18 19 20 22 23 0
17 18 19 20 22 24 0
17 18 19 20 23 24 0
17 18 19 21 22 0
17 18 19 21 23 0
17 18 19 21 24 0
17 18 19 21 22 23 0
17 18 19 21 22 24 0
17 18 19 21 23 24 0
17 18 19 22 23 0
17 18 19 22 24 0
17 18 19 23 24 0
17 18 19 22 23 24 0
17 18 20 21 22 0
17 18 20 21 23 0
17 18 20 21 24 0
17 18 20 21 22 23 0
17 18 20 21 22 24 0
17 18 20 21 23 24 0
17 18 20 22 23 0
17 18 20 22 24 0
17 18 20 23 24 0
17 18 20 22 23 24 0
17 18 21 22 23 0
17 18 21 22 24 0
17 18 21 23 24 0
17 18 21 22 23 24 0
17 18 22 23 24 0
17 19 20 21 22 0
17 19 20 21 23 0
17 19 20 21 24 0
17 19 20 21 22 23 0
17 19 20 21 22 24 0
17 19 20 21 23 24 0
17 19 20 22 23 0
17 19 20 22 24 0
17 19 20 23 24 0
17 19 20 22 23 24 0
17 19 21 22 23 0
17 19 21 22 24 0
17 19 21 23 24 0
17 19 21 22 23 24 0
17 19 22 23 24 0
17 20 21 22 23 0
17 20 21 22 24 0
17 20 21 23 24 0
17 20 21 22 23 24 0
17 20 22 23 24 0
17 21 22 23 24 0
18 19 20 21 22 0
18 19 20 21 23 0
18 19 20 21 24 0
18 19 20 21 22 23 0
18 19 20 21 22 24 0
18 19 20 21 23 24 0
18 19 20 22 23 0
18 19 20 22 24 0
18 19 20 23 24 0
18 19 20 22 23 24 0
18 19 21 22 23 0
18 19 21 22 24 0
18 19 21 23 24 0
18 19 21 22 23 24 0
18 19 22 23 24 0
18 20 21 22 23 0
18 20 21 22 24 0
18 20 21 23 24 0
18 20 21 22 23 24 0
18 20 22 23 24 0
18 21 22 23 24 0
19 20 21 22 23 0
19 20 21 22 24 0
19 20 21 23 24 0
19 20 21 22 23 24 0
19 20 22 23 24 0
19 21 22 23 24 0
20 21 22 23 24 0
25 26 27 28 29 0
25 26 27 28 0
25 26 27 28 30 0
25 26 27 28 31 0
25 26 27 29 0
25 26 27 29 30 0
25 26 27 29 31 0
25 26 27 30 0
25 26 27 31 0
25 26 27 30 31 0
25 26 28 29 0
25 26 28 29 30 0
25 26 28 29 31 0
25 26 28 30 0
25 26 28 31 0
25 26 28 30 31 0
25 26 29 30 0
25 26 29 31 0
25 26 29 30 31 0
25 26 30 31 0
25 27 28 29 0
25 27 28 29 30 0
25 27 28 29 31 0
25 27 28 30 0
25 27 28 31 0
25 27 28 30 31 0
25 27 29 30 0
25 27 29 31 0
25 27 29 30 31 0
25 27 30 31 0
25 28 29 30 0
25 28 29 31 0
25 28 29 30 31 0
25 28 30 31 0
25 29 30 31 0
26 27 28 29 0
26 27 28 29 30 0
26 27 28 29 31 0
26 27 28 30 0
26 27 28 31 0
26 27 28 30 31 0
26 27 29 30 0
26 27 29 31 0
26 27 29 30 31 0
26 27 30 31 0
26 28 29 30 0
26 28 29 31 0
26 28 29 30 31 0
26 28 30 31 0
26 29 30 31 0
27 28 29 30 0
27 28 29 31 0
27 28 29 30 31 0
27 28 30 31 0
27 29 30 31 0
28 29 30 31 0
-1 -16 0
-1 -25 0
-16 -25 0
-2 -17 0
-3 -18 0
-3 -26 0
-3 -18 -26 0
-18 -26 0
-4 -10 -19 0
-4 -10 -27 0
-4 -19 -27 0
-10 -19 -27 0
-5 -11 -20 0
-5 -11 -28 0
-5 -20 -28 0
-11 -20 -28 0
-6 -12 -21 0
-6 -12 -29 0
-6 -21 -29 0
-12 -21 -29 0
-7 -13 -22 0
-7 -13 -30 0
-7 -22 -30 0
-13 -22 -30 0
-8 -14 -23 0
-8 -14 -31 0
-8 -23 -31 0
-14 -23 -31 0
-9 -15 0
-9 -24 0
-15 -24 0
